970
970
970
970
970
970
970
970
970
970
970
970
969
970
970
971
971
969
970
970
970
970
970
970
970
970
970
970
969
970
969
970
969
970
970
970
970
970
970
969
970
970
969
970
969
969
969
969
969
969
969
969
969
969
969
969
969
968
969
969
970
969
969
969
969
969
969
968
969
968
969
969
969
969
969
969
969
969
970
970
969
969
970
969
969
970
970
970
970
969
970
970
970
971
970
970
970
970
970
971
970
971
970
970
971
970
971
971
970
971
971
970
971
971
971
971
971
970
971
971
972
971
971
971
971
971
971
971
971
971
972
971
971
971
971
971
971
971
970
970
971
971
971
971
971
971
971
971
970
970
970
970
970
970
970
970
970
971
970
970
971
971
970
970
970
969
970
970
970
969
970
970
970
970
969
970
969
969
970
969
969
969
970
969
969
969
969
969
