917805.000000
928445.000000
927545.000000
923060.000000
925545.000000
918890.000000
924505.000000
915960.000000
921255.000000
923760.000000
906345.000000
899205.000000
928110.000000
924870.000000
916040.000000
927020.000000
927610.000000
925100.000000
909800.000000
924575.000000
903900.000000
924270.000000
927595.000000
928380.000000
921770.000000
914435.000000
920135.000000
928020.000000
894110.000000
923730.000000
925100.000000
923190.000000
923605.000000
924270.000000
919385.000000
922065.000000
912530.000000
921415.000000
913005.000000
925590.000000
924430.000000
924570.000000
925730.000000
920705.000000
923890.000000
922550.000000
928250.000000
925240.000000
926835.000000
923255.000000
927480.000000
925105.000000
922750.000000
928445.000000
927545.000000
923060.000000
925545.000000
918890.000000
924505.000000
915960.000000
921255.000000
923760.000000
906345.000000
899205.000000
928110.000000
924870.000000
916040.000000
927020.000000
927610.000000
925100.000000
909800.000000
924575.000000
903900.000000
924270.000000
927595.000000
928380.000000
921770.000000
914435.000000
920135.000000
928020.000000
894110.000000
923730.000000
925100.000000
923190.000000
923605.000000
924270.000000
919385.000000
922065.000000
912530.000000
921415.000000
913005.000000
925590.000000
924430.000000
924570.000000
925730.000000
920705.000000
923890.000000
922550.000000
928250.000000
925240.000000
926835.000000
923255.000000
927480.000000
925105.000000
922750.000000
928445.000000
927545.000000
923060.000000
925545.000000
918890.000000
924505.000000
915960.000000
921255.000000
923760.000000
906345.000000
899205.000000
928110.000000
924870.000000
916040.000000
927020.000000
927610.000000
925100.000000
909800.000000
924575.000000
903900.000000
924270.000000
927595.000000
928380.000000
921770.000000
914435.000000
920135.000000
928020.000000
894110.000000
923730.000000
925100.000000
923190.000000
923605.000000
924270.000000
919385.000000
922065.000000
912530.000000
921415.000000
913005.000000
925590.000000
924430.000000
924570.000000
925730.000000
920705.000000
923890.000000
922550.000000
928250.000000
925240.000000
926835.000000
923255.000000
927480.000000
925105.000000
922750.000000
928445.000000
927545.000000
923060.000000
925545.000000
918890.000000
924505.000000
915960.000000
921255.000000
923760.000000
906345.000000
899205.000000
928110.000000
924870.000000
916040.000000
927020.000000
927610.000000
925100.000000
909800.000000
924575.000000
903900.000000
924270.000000
927595.000000
928380.000000
921770.000000
914435.000000
920135.000000
928020.000000
894110.000000
923730.000000
925100.000000
923190.000000
923605.000000
924270.000000
919385.000000
922065.000000
912530.000000
921415.000000
913005.000000
925590.000000
924430.000000
924570.000000
925730.000000
920705.000000
923890.000000
922550.000000
928250.000000
925240.000000
926835.000000
923255.000000
927480.000000
925105.000000
922750.000000
928445.000000
927545.000000
923060.000000
925545.000000
918890.000000
924505.000000
915960.000000
921255.000000
923760.000000
906345.000000
899205.000000
928110.000000
924870.000000
916040.000000
927020.000000
927610.000000
925100.000000
909800.000000
924575.000000
903900.000000
924270.000000
927595.000000
928380.000000
921770.000000
914435.000000
920135.000000
928020.000000
894110.000000
923730.000000
925100.000000
923190.000000
923605.000000
924270.000000
919385.000000
922065.000000
912530.000000
921415.000000
913005.000000
925590.000000
924430.000000
924570.000000
925730.000000
920705.000000
923890.000000
922550.000000
928250.000000
925240.000000
926835.000000
923255.000000
927480.000000
925105.000000
922750.000000
928445.000000
927545.000000
923060.000000
925545.000000
918890.000000
924505.000000
915960.000000
921255.000000
923760.000000
906345.000000
899205.000000
928110.000000
924870.000000
916040.000000
927020.000000
927610.000000
925100.000000
909800.000000
924575.000000
903900.000000
924270.000000
927595.000000
928380.000000
921770.000000
914435.000000
920135.000000
928020.000000
894110.000000
923730.000000
925100.000000
923190.000000
923605.0